AAPJ652001 AAPJ97E001 34 1/3,
2.21, 1, 0.0, 
0.00, 0.00, 2.21, 0.01, 
0.17, 4.00, 
0.33, 2.00, 
0.50, 5.00, 
0.67, 7.00, 
0.83, 9.00, 
1.00, 14.00, 
1.17, 17.00, 
1.33, 23.00, 
1.50, 29.00, 
2.00, 26.00, 
2.33, 24.00, 
2.67, 21.00, 
2.83, 18.00, 
3.00, 21.00, 
3.33, 23.00, 
3.67, 25.00, 
3.83, 21.00, 
4.17, 19.00, 
4.50, 25.00, 
4.67, 27.00, 
4.83, 29.00, 
5.33, 32.00, 
5.50, 30.00, 
6.17, 28.00, 
6.33, 26.00, 
6.67, 24.00, 
7.83, 22.00, 
8.00, 20.00, 
8.17, 17.00, 
9.33, 21.00, 
9.50, 23.00, 
9.83, 27.00, 
11.17, 30.00, 
11.50, 28.00, 
11.83, 26.00, 
12.00, 24.00, 
12.17, 20.00, 
13.00, 18.00, 
13.17, 20.00, 
13.33, 25.00, 
13.50, 27.00, 
13.83, 29.00, 
14.17, 31.00, 
14.67, 34.00, 
14.83, 36.00, 
15.33, 34.00, 
16.50, 30.00, 
16.67, 32.00, 
16.83, 34.00, 
17.33, 32.00, 
17.83, 29.00, 
18.50, 31.00, 
18.67, 29.00, 
18.83, 23.00, 
19.00, 21.00, 
19.33, 23.00, 
19.67, 21.00, 
20.17, 19.00, 
20.67, 22.00, 
21.00, 24.00, 
21.17, 26.00, 
22.00, 28.00, 
22.50, 30.00, 
22.83, 32.00, 
23.33, 30.00, 
23.50, 28.00, 
23.83, 25.00, 
24.33, 23.00, 
24.50, 20.00, 
24.67, 25.00, 
24.83, 28.00, 
25.33, 32.00, 
26.50, 35.00, 
26.67, 37.00, 
27.00, 32.00, 
27.17, 28.00, 
27.33, 26.00, 
27.50, 24.00, 
27.83, 21.00, 
28.00, 25.00, 
28.17, 27.00, 
28.33, 30.00, 
29.00, 33.00, 
29.17, 31.00, 
30.00, 33.00, 
30.33, 35.00, 
30.67, 32.00, 
30.83, 34.00, 
31.67, 32.00, 
32.00, 30.00, 
33.00, 34.00, 
33.33, 36.00, 
33.67, 34.00, 
34.50, 31.00, 
35.33, 29.00, 
35.50, 27.00, 
35.83, 29.00, 
36.17, 32.00, 
37.33, 30.00, 
37.67, 33.00, 
39.00, 31.00, 
39.17, 29.00, 
39.33, 24.00, 
39.50, 21.00, 
39.67, 19.00, 
39.83, 17.00, 
40.33, 11.00, 
41.17, 13.00, 
41.50, 10.00, 
42.00, 12.00, 
42.67, 3.00, 
42.83, 1.00, 
44.16, 0.00, 2.21, 0.01, 
!EOD: AAPJ97E001
!ND:AAPJ97E002 2/3
106.00, 0.00, 
106.17, 4.00, 
106.33, 8.00, 
106.50, 13.00, 
106.67, 19.00, 
106.83, 22.00, 
107.00, 27.00, 
107.17, 29.00, 
107.50, 26.00, 
107.67, 24.00, 
108.50, 20.00, 
109.50, 18.00, 
110.67, 16.00, 
110.83, 18.00, 
111.17, 16.00, 
111.50, 19.00, 
111.67, 17.00, 
112.17, 14.00, 
112.50, 11.00, 
112.83, 16.00, 
113.00, 11.00, 
113.17, 9.00, 
113.33, 7.00, 
113.67, 11.00, 
113.83, 13.00, 
114.00, 15.00, 
114.17, 13.00, 
115.33, 11.00, 
116.00, 13.00, 
117.17, 10.00, 
117.33, 8.00, 
117.50, 10.00, 
117.67, 12.00, 
119.00, 14.00, 
119.83, 16.00, 
120.00, 14.00, 
120.17, 17.00, 
120.83, 19.00, 
121.50, 21.00, 
122.33, 23.00, 
123.17, 21.00, 
123.67, 18.00, 
124.00, 21.00, 
124.50, 24.00, 
124.83, 26.00, 
126.00, 23.00, 
126.17, 20.00, 
126.83, 18.00, 
127.00, 15.00, 
127.17, 17.00, 
127.50, 22.00, 
127.67, 25.00, 
127.83, 23.00, 
128.00, 18.00, 
128.17, 15.00, 
128.33, 12.00, 
128.50, 10.00, 
128.67, 7.00, 
129.00, 13.00, 
129.67, 16.00, 
129.83, 20.00, 
130.00, 22.00, 
130.17, 25.00, 
131.00, 29.00, 
132.50, 31.00, 
133.33, 29.00, 
133.67, 31.00, 
133.83, 33.00, 
134.50, 35.00, 
135.33, 33.00, 
135.50, 31.00, 
137.17, 29.00, 
137.50, 27.00, 
137.83, 29.00, 
138.17, 27.00, 
138.50, 25.00, 
139.00, 22.00, 
139.33, 20.00, 
139.67, 17.00, 
140.00, 15.00, 
140.17, 18.00, 
140.67, 20.00, 
142.33, 22.00, 
142.67, 24.00, 
143.17, 26.00, 
143.67, 28.00, 
143.83, 30.00, 
144.17, 27.00, 
144.33, 30.00, 
144.67, 27.00, 
146.17, 23.00, 
146.50, 25.00, 
147.33, 27.00, 
147.83, 25.00, 
148.00, 28.00, 
148.17, 24.00, 
148.50, 22.00, 
149.00, 26.00, 
149.17, 28.00, 
149.50, 25.00, 
149.83, 23.00, 
150.00, 20.00, 
150.17, 18.00, 
150.33, 15.00, 
150.83, 19.00, 
151.00, 21.00, 
151.33, 18.00, 
152.00, 15.00, 
152.17, 10.00, 
152.33, 12.00, 
152.67, 15.00, 
153.00, 20.00, 
153.17, 23.00, 
153.33, 28.00, 
153.50, 31.00, 
154.17, 29.00, 
154.50, 26.00, 
154.83, 22.00, 
155.00, 19.00, 
155.17, 16.00, 
155.33, 12.00, 
155.83, 17.00, 
156.00, 21.00, 
156.33, 23.00, 
156.67, 27.00, 
156.83, 30.00, 
157.50, 25.00, 
157.67, 23.00, 
157.83, 20.00, 
158.33, 23.00, 
158.67, 21.00, 
159.17, 17.00, 
160.00, 15.00, 
160.83, 13.00, 
161.00, 10.00, 
161.17, 4.00, 
161.33, 1.00, 
163.00, 0.00, 2.21, 0.01, 
!EOD: AAPJ97E002
!ND:AAPJ97E003 3/3
226.00, 0.00, 
226.17, 10.00, 
226.33, 17.00, 
226.50, 26.00, 
226.67, 29.00, 
227.00, 27.00, 
227.50, 22.00, 
228.00, 20.00, 
228.17, 22.00, 
228.67, 24.00, 
229.17, 20.00, 
229.33, 18.00, 
229.67, 16.00, 
230.33, 19.00, 
230.50, 21.00, 
231.00, 24.00, 
231.33, 26.00, 
231.83, 24.00, 
232.67, 26.00, 
232.83, 30.00, 
233.00, 32.00, 
233.33, 30.00, 
233.83, 32.00, 
234.17, 29.00, 
234.50, 31.00, 
234.67, 28.00, 
235.67, 25.00, 
236.67, 27.00, 
237.17, 24.00, 
237.33, 22.00, 
237.50, 20.00, 
238.00, 18.00, 
238.33, 20.00, 
238.67, 18.00, 
239.17, 16.00, 
239.67, 12.00, 
240.00, 15.00, 
240.17, 21.00, 
240.33, 23.00, 
240.50, 21.00, 
240.67, 23.00, 
241.17, 21.00, 
241.50, 23.00, 
242.67, 20.00, 
243.00, 16.00, 
243.33, 14.00, 
243.50, 18.00, 
243.67, 21.00, 
244.50, 17.00, 
245.33, 19.00, 
246.00, 21.00, 
246.33, 25.00, 
246.50, 23.00, 
246.67, 25.00, 
247.00, 22.00, 
247.17, 20.00, 
247.67, 18.00, 
248.33, 20.00, 
248.50, 23.00, 
251.33, 21.00, 
251.50, 23.00, 
251.83, 27.00, 
252.50, 29.00, 
254.17, 27.00, 
254.50, 25.00, 
255.00, 23.00, 
255.50, 20.00, 
255.83, 23.00, 
256.00, 27.00, 
257.17, 25.00, 
258.83, 23.00, 
259.50, 26.00, 
260.00, 28.00, 
260.50, 31.00, 
260.67, 29.00, 
261.00, 32.00, 
261.67, 30.00, 
262.33, 32.00, 
263.00, 30.00, 
264.83, 27.00, 
265.00, 23.00, 
265.50, 18.00, 
265.83, 16.00, 
266.00, 8.00, 
266.17, 6.00, 
266.33, 18.00, 
266.50, 24.00, 
266.67, 29.00, 
267.33, 26.00, 
267.67, 28.00, 
267.83, 25.00, 
268.00, 20.00, 
268.50, 22.00, 
268.83, 18.00, 
269.17, 22.00, 
269.50, 20.00, 
269.67, 18.00, 
270.33, 20.00, 
270.50, 18.00, 
270.67, 15.00, 
271.00, 12.00, 
271.33, 9.00, 
271.50, 2.00, 
272.33, 0.00, 2.21, 0.01, 
-0000.0,!EP: 34
