AAYU94O001 AAYU98L006 463 1/14,
2.21, 1, 0.0, 
0.00, 0.00, 2.21, 0.01, 0.01, 
0.33, 13.94, 
0.67, 14.92, 
1.00, 13.94, 
1.33, 13.94, 
1.67, 14.92, 
2.00, 14.92, 
2.33, 15.93, 
2.67, 15.93, 
3.00, 15.93, 
3.33, 15.93, 
3.67, 15.93, 
4.00, 14.92, 
4.33, 14.92, 
4.67, 14.92, 
5.00, 14.92, 
5.33, 13.94, 
5.67, 14.92, 
6.00, 15.93, 
6.33, 16.91, 
6.67, 16.91, 
7.00, 17.92, 
7.33, 17.92, 
7.67, 17.92, 
8.00, 17.92, 
8.33, 19.91, 
8.67, 18.90, 
9.00, 19.91, 
9.33, 18.90, 
9.67, 19.91, 
10.00, 19.91, 
10.33, 19.91, 
10.67, 19.91, 
11.00, 19.91, 
11.33, 20.89, 
11.67, 20.89, 
12.00, 19.91, 
12.33, 19.91, 
12.67, 18.90, 
13.00, 19.91, 
13.33, 20.89, 
13.67, 19.91, 
14.00, 19.91, 
14.33, 19.91, 
14.67, 18.90, 
15.00, 17.92, 
15.33, 18.90, 
15.67, 18.90, 
16.00, 19.91, 
16.33, 18.90, 
16.67, 18.90, 
17.00, 18.90, 
17.33, 19.91, 
17.67, 18.90, 
18.00, 18.90, 
18.33, 18.90, 
18.67, 18.90, 
19.00, 18.90, 
19.33, 18.90, 
19.67, 18.90, 
20.00, 18.90, 
20.33, 18.90, 
20.67, 18.90, 
21.00, 18.90, 
21.33, 19.91, 
21.67, 19.91, 
22.00, 18.90, 
22.33, 19.91, 
22.67, 19.91, 
23.00, 19.91, 
23.33, 19.91, 
23.67, 20.89, 
24.00, 20.89, 
24.33, 19.91, 
24.67, 20.89, 
25.00, 19.91, 
25.33, 19.91, 
25.67, 18.90, 
26.00, 18.90, 
26.33, 19.91, 
26.67, 18.90, 
27.00, 18.90, 
27.33, 18.90, 
27.67, 18.90, 
28.00, 18.90, 
28.33, 17.92, 
28.67, 17.92, 
29.00, 16.91, 
29.33, 14.92, 
29.67, 14.92, 
30.00, 13.94, 
30.33, 13.94, 
30.67, 12.93, 
31.00, 11.95, 
31.33, 10.94, 
31.67, 10.94, 
32.00, 12.93, 
32.33, 11.95, 
32.67, 12.93, 
33.00, 12.93, 
33.33, 11.95, 
33.67, 10.94, 
34.00, 12.93, 
34.33, 12.93, 
34.67, 11.95, 
35.00, 9.96, 
35.33, 11.95, 
35.67, 13.94, 
36.00, 13.94, 
36.33, 12.93, 
36.67, 12.93, 
37.00, 10.94, 
37.33, 9.96, 
37.67, 10.94, 
38.00, 8.95, 
38.33, 9.96, 
38.67, 11.95, 
39.00, 13.94, 
39.33, 13.94, 
39.67, 14.92, 
40.00, 15.93, 
40.33, 15.93, 
40.67, 16.91, 
41.00, 15.93, 
41.33, 15.93, 
41.67, 14.92, 
42.00, 13.94, 
42.33, 14.92, 
42.67, 14.92, 
43.00, 14.92, 
43.33, 14.92, 
43.67, 13.94, 
44.00, 13.94, 
44.33, 13.94, 
44.67, 13.94, 
45.00, 12.93, 
45.33, 12.93, 
45.67, 12.93, 
46.00, 12.93, 
46.33, 11.95, 
46.67, 10.94, 
47.00, 10.94, 
47.33, 10.94, 
47.67, 10.94, 
48.00, 10.94, 
48.33, 9.96, 
48.67, 9.96, 
49.00, 9.96, 
49.33, 8.95, 
49.67, 9.96, 
50.00, 9.96, 
50.33, 11.95, 
50.67, 13.94, 
51.00, 12.93, 
51.33, 11.95, 
51.67, 10.94, 
52.00, 10.94, 
52.33, 10.94, 
52.67, 12.93, 
53.00, 12.93, 
53.33, 12.93, 
53.67, 13.94, 
54.00, 12.93, 
54.33, 13.94, 
54.67, 13.94, 
55.00, 13.94, 
55.33, 13.94, 
55.67, 13.94, 
56.00, 13.94, 
56.33, 13.94, 
56.67, 13.94, 
57.00, 14.92, 
57.33, 13.94, 
57.67, 14.92, 
58.00, 14.92, 
58.33, 17.92, 
58.67, 17.92, 
59.00, 18.90, 
59.33, 18.90, 
59.67, 19.91, 
60.00, 19.91, 
60.33, 18.90, 
60.67, 18.90, 
61.00, 18.90, 
61.33, 18.90, 
61.67, 18.90, 
62.00, 18.90, 
62.33, 18.90, 
62.67, 17.92, 
63.00, 16.91, 
63.33, 16.91, 
63.67, 16.91, 
64.00, 16.91, 
64.33, 16.91, 
64.67, 16.91, 
65.00, 14.92, 
65.33, 14.92, 
65.67, 15.93, 
66.00, 14.92, 
66.33, 12.93, 
66.67, 13.94, 
67.00, 14.92, 
67.33, 13.94, 
67.67, 11.95, 
68.00, 12.93, 
68.33, 12.93, 
68.67, 11.95, 
69.00, 12.93, 
69.33, 12.93, 
69.67, 14.92, 
70.00, 14.92, 
70.33, 14.92, 
70.67, 13.94, 
71.00, 14.92, 
71.33, 14.92, 
71.67, 14.92, 
72.00, 15.93, 
72.33, 16.91, 
72.67, 17.92, 
73.00, 17.92, 
73.33, 17.92, 
73.67, 17.92, 
74.00, 17.92, 
74.33, 17.92, 
74.67, 16.91, 
75.00, 16.91, 
75.33, 17.92, 
75.67, 16.91, 
76.00, 16.91, 
76.33, 16.91, 
76.67, 16.91, 
77.00, 15.93, 
77.33, 16.91, 
77.67, 16.91, 
78.00, 15.93, 
78.33, 14.92, 
78.67, 15.93, 
79.00, 15.93, 
79.33, 16.91, 
79.67, 15.93, 
80.00, 15.93, 
80.33, 13.94, 
80.67, 12.93, 
81.00, 12.93, 
81.33, 12.93, 
81.67, 9.96, 
82.01, 0.00, 2.21, 0.01, 
!EOD: AAYU98L006
!ND:AAYU98L007 2/14
1218.00, 0.00, 2.21, 0.01, 
1218.33, 18.90, 
1218.67, 28.86, 
1219.00, 31.83, 
1219.33, 33.82, 
1219.67, 36.82, 
1220.00, 40.81, 
1220.33, 43.78, 
1220.67, 49.75, 
1221.00, 49.75, 
1221.33, 50.73, 
1221.67, 49.75, 
1222.00, 44.79, 
1222.33, 45.77, 
1222.67, 49.75, 
1223.00, 51.74, 
1223.33, 52.72, 
1223.67, 51.74, 
1224.00, 50.73, 
1224.33, 51.74, 
1224.67, 54.71, 
1225.00, 56.71, 
1225.33, 57.72, 
1225.67, 55.73, 
1226.00, 50.73, 
1226.33, 50.73, 
1226.67, 52.72, 
1227.00, 51.74, 
1227.33, 53.74, 
1227.67, 52.72, 
1228.00, 49.75, 
1228.33, 49.75, 
1228.67, 51.74, 
1229.00, 51.74, 
1229.33, 49.75, 
1229.67, 48.77, 
1230.00, 47.76, 
1230.33, 52.72, 
1230.67, 52.72, 
1231.00, 49.75, 
1231.33, 46.78, 
1231.67, 47.76, 
1232.00, 46.78, 
1232.33, 45.77, 
1232.67, 47.76, 
1233.00, 55.73, 
1233.33, 56.71, 
1233.67, 56.71, 
1234.00, 56.71, 
1234.33, 53.74, 
1234.67, 50.73, 
1235.00, 43.78, 
1235.33, 42.80, 
1235.67, 50.73, 
1236.00, 52.72, 
1236.33, 53.74, 
1236.67, 52.72, 
1237.00, 54.71, 
1237.33, 56.71, 
1237.67, 56.71, 
1238.00, 50.73, 
1238.33, 51.74, 
1238.67, 51.74, 
1239.00, 51.74, 
1239.33, 52.72, 
1239.67, 55.73, 
1240.00, 55.73, 
1240.33, 52.72, 
1240.67, 51.74, 
1241.00, 51.74, 
1241.33, 42.80, 
1241.67, 36.82, 
1242.00, 43.78, 
1242.33, 53.74, 
1242.67, 53.74, 
1243.00, 56.71, 
1243.33, 55.73, 
1243.67, 54.71, 
1244.00, 50.73, 
1244.33, 42.80, 
1244.67, 43.78, 
1245.00, 53.74, 
1245.33, 56.71, 
1245.67, 61.70, 
1246.00, 65.68, 
1246.33, 69.67, 
1246.67, 69.67, 
1247.00, 66.66, 
1247.33, 65.68, 
1247.67, 63.69, 
1248.00, 64.67, 
1248.33, 63.69, 
1248.67, 59.71, 
1249.00, 57.72, 
1249.33, 55.73, 
1249.67, 57.72, 
1250.00, 57.72, 
1250.33, 56.71, 
1250.67, 54.71, 
1251.00, 45.77, 
1251.33, 44.79, 
1251.67, 43.78, 
1252.00, 40.81, 
1252.33, 34.83, 
1252.67, 33.82, 
1253.00, 32.84, 
1253.33, 32.84, 
1253.67, 28.86, 
1254.00, 18.90, 
1254.33, 15.93, 
1254.67, 16.91, 
1255.00, 18.90, 
1255.33, 16.91, 
1255.67, 15.93, 
1256.00, 15.93, 
1256.33, 14.92, 
1256.67, 14.92, 
1257.00, 17.92, 
1257.33, 16.91, 
1257.67, 11.95, 
1258.00, 8.95, 
1258.34, 0.00, 2.21, 0.01, 
!EOD: AAYU98L007
!ND:AAYU98L008 3/14
1335.00, 0.00, 2.21, 0.01, 
1335.33, 15.93, 
1335.67, 25.86, 
1336.00, 37.80, 
1336.33, 37.80, 
1336.67, 35.81, 
1337.00, 38.82, 
1337.33, 43.78, 
1337.67, 46.78, 
1338.00, 46.78, 
1338.33, 47.76, 
1338.67, 48.77, 
1339.00, 47.76, 
1339.33, 45.77, 
1339.67, 39.80, 
1340.00, 47.76, 
1340.33, 48.77, 
1340.67, 45.77, 
1341.00, 48.77, 
1341.33, 47.76, 
1341.67, 43.78, 
1342.00, 47.76, 
1342.33, 49.75, 
1342.67, 54.71, 
1343.00, 54.71, 
1343.33, 50.73, 
1343.67, 50.73, 
1344.00, 50.73, 
1344.33, 47.76, 
1344.67, 46.78, 
1345.00, 47.76, 
1345.33, 44.79, 
1345.67, 39.80, 
1346.00, 39.80, 
1346.33, 44.79, 
1346.67, 44.79, 
1347.00, 43.78, 
1347.33, 47.76, 
1347.67, 47.76, 
1348.00, 43.78, 
1348.33, 44.79, 
1348.67, 44.79, 
1349.00, 44.79, 
1349.33, 44.79, 
1349.67, 53.74, 
1350.00, 53.74, 
1350.33, 51.74, 
1350.67, 47.76, 
1351.00, 47.76, 
1351.33, 43.78, 
1351.67, 42.80, 
1352.00, 40.81, 
1352.33, 38.82, 
1352.67, 40.81, 
1353.00, 41.79, 
1353.33, 43.78, 
1353.67, 43.78, 
1354.00, 37.80, 
1354.33, 38.82, 
1354.67, 39.80, 
1355.00, 38.82, 
1355.33, 37.80, 
1355.67, 37.80, 
1356.00, 35.81, 
1356.33, 38.82, 
1356.67, 39.80, 
1357.00, 36.82, 
1357.33, 43.78, 
1357.67, 44.79, 
1358.00, 44.79, 
1358.33, 44.79, 
1358.67, 44.79, 
1359.00, 43.78, 
1359.33, 40.81, 
1359.67, 41.79, 
1360.00, 35.81, 
1360.33, 44.79, 
1360.67, 43.78, 
1361.00, 43.78, 
1361.33, 42.80, 
1361.67, 38.82, 
1362.00, 47.76, 
1362.33, 49.75, 
1362.67, 48.77, 
1363.00, 43.78, 
1363.33, 41.79, 
1363.67, 45.77, 
1364.00, 46.78, 
1364.33, 46.78, 
1364.67, 46.78, 
1365.00, 44.79, 
1365.33, 43.78, 
1365.67, 42.80, 
1366.00, 41.79, 
1366.33, 43.78, 
1366.67, 40.81, 
1367.00, 37.80, 
1367.33, 35.81, 
1367.67, 24.88, 
1368.00, 21.91, 
1368.33, 17.92, 
1368.67, 19.91, 
1369.00, 19.91, 
1369.33, 18.90, 
1369.67, 19.91, 
1370.00, 18.90, 
1370.33, 18.90, 
1370.67, 21.91, 
1371.00, 25.86, 
1371.33, 21.91, 
1371.67, 13.94, 
1372.00, 13.94, 
1372.33, 14.92, 
1372.67, 15.93, 
1373.00, 16.91, 
1373.33, 16.91, 
1373.67, 17.92, 
1374.00, 16.91, 
1374.33, 16.91, 
1374.67, 17.92, 
1375.00, 13.94, 
1375.34, 0.00, 2.21, 0.01, 
!EOD: AAYU98L008
!ND:AAYU98L009 4/14
2643.00, 0.00, 2.21, 0.01, 
2643.33, 13.94, 
2643.67, 20.89, 
2644.00, 25.86, 
2644.33, 31.83, 
2644.67, 28.86, 
2645.00, 34.83, 
2645.33, 38.82, 
2645.67, 44.79, 
2646.00, 50.73, 
2646.33, 55.73, 
2646.67, 63.69, 
2647.00, 64.67, 
2647.33, 61.70, 
2647.67, 62.68, 
2648.00, 68.65, 
2648.33, 68.65, 
2648.67, 62.68, 
2649.00, 62.68, 
2649.33, 66.66, 
2649.67, 70.65, 
2650.00, 70.65, 
2650.33, 70.65, 
2650.67, 72.64, 
2651.00, 74.63, 
2651.33, 76.62, 
2651.67, 77.60, 
2652.00, 77.60, 
2652.33, 75.61, 
2652.67, 75.61, 
2653.00, 72.64, 
2653.33, 70.65, 
2653.67, 71.66, 
2654.00, 73.65, 
2654.33, 73.65, 
2654.67, 70.65, 
2655.00, 72.64, 
2655.33, 72.64, 
2655.67, 70.65, 
2656.00, 70.65, 
2656.33, 71.66, 
2656.67, 69.67, 
2657.00, 68.65, 
2657.33, 68.65, 
2657.67, 67.68, 
2658.00, 66.66, 
2658.33, 72.64, 
2658.67, 73.65, 
2659.00, 72.64, 
2659.33, 71.66, 
2659.67, 68.65, 
2660.00, 67.68, 
2660.33, 68.65, 
2660.67, 67.68, 
2661.00, 63.69, 
2661.33, 58.70, 
2661.67, 55.73, 
2662.00, 56.71, 
2662.33, 57.72, 
2662.67, 58.70, 
2663.00, 58.70, 
2663.33, 56.71, 
2663.67, 57.72, 
2664.00, 59.71, 
2664.33, 63.69, 
2664.67, 63.69, 
2665.00, 61.70, 
2665.33, 56.71, 
2665.67, 58.70, 
2666.00, 60.69, 
2666.33, 62.68, 
2666.67, 61.70, 
2667.00, 59.71, 
2667.33, 55.73, 
2667.67, 54.71, 
2668.00, 55.73, 
2668.33, 53.74, 
2668.67, 54.71, 
2669.00, 53.74, 
2669.33, 53.74, 
2669.67, 51.74, 
2670.00, 51.74, 
2670.33, 51.74, 
2670.67, 52.72, 
2671.00, 56.71, 
2671.33, 59.71, 
2671.67, 59.71, 
2672.00, 60.69, 
2672.33, 58.70, 
2672.67, 53.74, 
2673.00, 53.74, 
2673.33, 53.74, 
2673.67, 51.74, 
2674.00, 47.76, 
2674.33, 47.76, 
2674.67, 41.79, 
2675.00, 38.82, 
2675.33, 38.82, 
2675.67, 38.82, 
2676.00, 42.80, 
2676.33, 45.77, 
2676.67, 46.78, 
2677.00, 48.77, 
2677.33, 48.77, 
2677.67, 45.77, 
2678.00, 40.81, 
2678.33, 37.80, 
2678.67, 35.81, 
2679.00, 35.81, 
2679.33, 34.83, 
2679.67, 34.83, 
2680.00, 32.84, 
2680.33, 30.85, 
2680.67, 27.85, 
2681.00, 28.86, 
2681.33, 27.85, 
2681.67, 26.87, 
2682.00, 27.85, 
2682.33, 24.88, 
2682.67, 25.86, 
2683.00, 26.87, 
2683.33, 26.87, 
2683.67, 27.85, 
2684.00, 24.88, 
2684.33, 21.91, 
2684.67, 19.91, 
2685.00, 18.90, 
2685.33, 17.92, 
2685.67, 18.90, 
2686.00, 21.91, 
2686.33, 20.89, 
2686.67, 18.90, 
2687.00, 20.89, 
2687.33, 20.89, 
2687.67, 17.92, 
2688.00, 20.89, 
2688.33, 20.89, 
2688.67, 14.92, 
2689.00, 15.93, 
2689.33, 17.92, 
2689.67, 17.92, 
2690.00, 16.91, 
2690.33, 18.90, 
2690.67, 16.91, 
2691.00, 18.90, 
2691.33, 16.91, 
2691.67, 13.94, 
2692.00, 13.94, 
2692.33, 14.92, 
2692.67, 14.92, 
2693.00, 9.96, 
2693.33, 10.94, 
2693.67, 15.93, 
2694.00, 15.93, 
2694.33, 18.90, 
2694.67, 18.90, 
2695.00, 12.93, 
2695.33, 11.95, 
2695.67, 11.95, 
2696.00, 10.94, 
2696.33, 9.96, 
2696.67, 9.96, 
2697.00, 8.95, 
2697.33, 7.97, 
2697.67, 0.00, 2.21, 0.01, 
!EOD: AAYU98L009
!ND:AAYU98L010 5/14
2753.00, 0.00, 2.21, 0.01, 
2753.33, 14.92, 
2753.67, 32.84, 
2754.00, 43.78, 
2754.33, 57.72, 
2754.67, 57.72, 
2755.00, 53.74, 
2755.33, 51.74, 
2755.67, 51.74, 
2756.00, 52.72, 
2756.33, 52.72, 
2756.67, 54.71, 
2757.00, 53.74, 
2757.33, 57.72, 
2757.67, 57.72, 
2758.00, 57.72, 
2758.33, 56.71, 
2758.67, 56.71, 
2759.00, 57.72, 
2759.33, 55.73, 
2759.67, 57.72, 
2760.00, 58.70, 
2760.33, 60.69, 
2760.67, 64.67, 
2761.00, 64.67, 
2761.33, 65.68, 
2761.67, 69.67, 
2762.00, 70.65, 
2762.33, 71.66, 
2762.67, 72.64, 
2763.00, 72.64, 
2763.33, 73.65, 
2763.67, 73.65, 
2764.00, 74.63, 
2764.33, 74.63, 
2764.67, 73.65, 
2765.00, 70.65, 
2765.33, 72.64, 
2765.67, 71.66, 
2766.00, 69.67, 
2766.33, 65.68, 
2766.67, 62.68, 
2767.00, 58.70, 
2767.33, 55.73, 
2767.67, 55.73, 
2768.00, 54.71, 
2768.33, 54.71, 
2768.67, 55.73, 
2769.00, 56.71, 
2769.33, 53.74, 
2769.67, 53.74, 
2770.00, 54.71, 
2770.33, 54.71, 
2770.67, 53.74, 
2771.00, 54.71, 
2771.33, 54.71, 
2771.67, 54.71, 
2772.00, 49.75, 
2772.33, 47.76, 
2772.67, 54.71, 
2773.00, 54.71, 
2773.33, 52.72, 
2773.67, 50.73, 
2774.00, 49.75, 
2774.33, 47.76, 
2774.67, 48.77, 
2775.00, 47.76, 
2775.33, 47.76, 
2775.67, 46.78, 
2776.00, 46.78, 
2776.33, 46.78, 
2776.67, 51.74, 
2777.00, 51.74, 
2777.33, 51.74, 
2777.67, 52.72, 
2778.00, 50.73, 
2778.33, 45.77, 
2778.67, 43.78, 
2779.00, 44.79, 
2779.33, 44.79, 
2779.67, 45.77, 
2780.00, 46.78, 
2780.33, 51.74, 
2780.67, 52.72, 
2781.00, 49.75, 
2781.33, 48.77, 
2781.67, 45.77, 
2782.00, 43.78, 
2782.33, 37.80, 
2782.67, 37.80, 
2783.00, 36.82, 
2783.33, 47.76, 
2783.67, 48.77, 
2784.00, 48.77, 
2784.33, 49.75, 
2784.67, 52.72, 
2785.00, 53.74, 
2785.33, 51.74, 
2785.67, 46.78, 
2786.00, 41.79, 
2786.33, 39.80, 
2786.67, 40.81, 
2787.00, 43.78, 
2787.33, 48.77, 
2787.67, 49.75, 
2788.00, 48.77, 
2788.33, 41.79, 
2788.67, 37.80, 
2789.00, 37.80, 
2789.33, 38.82, 
2789.67, 37.80, 
2790.00, 37.80, 
2790.33, 37.80, 
2790.67, 35.81, 
2791.00, 36.82, 
2791.33, 39.80, 
2791.67, 36.82, 
2792.00, 33.82, 
2792.33, 34.83, 
2792.67, 36.82, 
2793.00, 32.84, 
2793.33, 37.80, 
2793.67, 37.80, 
2794.00, 28.86, 
2794.33, 28.86, 
2794.67, 25.86, 
2795.00, 19.91, 
2795.33, 18.90, 
2795.67, 16.91, 
2796.00, 14.92, 
2796.33, 15.93, 
2796.67, 17.92, 
2797.00, 17.92, 
2797.33, 15.93, 
2797.67, 15.93, 
2798.00, 17.92, 
2798.33, 16.91, 
2798.67, 14.92, 
2799.00, 16.91, 
2799.33, 20.89, 
2799.67, 20.89, 
2800.00, 16.91, 
2800.33, 14.92, 
2800.67, 14.92, 
2801.00, 15.93, 
2801.33, 16.91, 
2801.67, 16.91, 
2802.00, 16.91, 
2802.33, 16.91, 
2802.67, 15.93, 
2803.00, 15.93, 
2803.33, 16.91, 
2803.67, 17.92, 
2804.00, 16.91, 
2804.33, 14.92, 
2804.67, 13.94, 
2805.00, 16.91, 
2805.33, 15.93, 
2805.67, 13.94, 
2806.00, 13.94, 
2806.34, 0.00, 2.21, 0.01, 
!EOD: AAYU98L010
!ND:AAYU98L011 6/14
3304.00, 0.00, 2.21, 0.01, 
3304.33, 11.95, 
3304.67, 11.95, 
3305.00, 12.93, 
3305.33, 12.93, 
3305.67, 11.95, 
3306.00, 12.93, 
3306.33, 11.95, 
3306.67, 11.95, 
3307.00, 12.93, 
3307.33, 12.93, 
3307.67, 12.93, 
3308.00, 12.93, 
3308.33, 13.94, 
3308.67, 13.94, 
3309.00, 13.94, 
3309.33, 13.94, 
3309.67, 14.92, 
3310.00, 14.92, 
3310.33, 15.93, 
3310.67, 16.91, 
3311.00, 16.91, 
3311.33, 16.91, 
3311.67, 16.91, 
3312.00, 15.93, 
3312.33, 15.93, 
3312.67, 15.93, 
3313.00, 16.91, 
3313.33, 15.93, 
3313.67, 15.93, 
3314.00, 14.92, 
3314.33, 15.93, 
3314.67, 14.92, 
3315.00, 15.93, 
3315.33, 15.93, 
3315.67, 15.93, 
3316.00, 14.92, 
3316.33, 16.91, 
3316.67, 16.91, 
3317.00, 16.91, 
3317.33, 18.90, 
3317.67, 18.90, 
3318.00, 18.90, 
3318.33, 18.90, 
3318.67, 17.92, 
3319.00, 18.90, 
3319.33, 18.90, 
3319.67, 18.90, 
3320.00, 18.90, 
3320.33, 19.91, 
3320.67, 20.89, 
3321.00, 19.91, 
3321.33, 19.91, 
3321.67, 19.91, 
3322.00, 19.91, 
3322.33, 19.91, 
3322.67, 19.91, 
3323.00, 19.91, 
3323.33, 20.89, 
3323.67, 20.89, 
3324.00, 20.89, 
3324.33, 21.91, 
3324.67, 20.89, 
3325.00, 20.89, 
3325.33, 19.91, 
3325.67, 19.91, 
3326.00, 19.91, 
3326.33, 20.89, 
3326.67, 20.89, 
3327.00, 20.89, 
3327.33, 20.89, 
3327.67, 19.91, 
3328.00, 18.90, 
3328.33, 18.90, 
3328.67, 20.89, 
3329.00, 20.89, 
3329.33, 20.89, 
3329.67, 20.89, 
3330.00, 20.89, 
3330.33, 19.91, 
3330.67, 19.91, 
3331.00, 19.91, 
3331.33, 19.91, 
3331.67, 19.91, 
3332.00, 18.90, 
3332.33, 16.91, 
3332.67, 15.93, 
3333.00, 15.93, 
3333.33, 13.94, 
3333.67, 12.93, 
3334.00, 11.95, 
3334.33, 10.94, 
3334.67, 10.94, 
3335.00, 10.94, 
3335.33, 11.95, 
3335.67, 11.95, 
3336.00, 12.93, 
3336.33, 13.94, 
3336.67, 11.95, 
3337.00, 10.94, 
3337.33, 10.94, 
3337.67, 11.95, 
3338.00, 11.95, 
3338.33, 11.95, 
3338.67, 12.93, 
3339.00, 11.95, 
3339.33, 11.95, 
3339.67, 12.93, 
3340.00, 12.93, 
3340.33, 14.92, 
3340.67, 12.93, 
3341.00, 12.93, 
3341.33, 12.93, 
3341.67, 13.94, 
3342.00, 13.94, 
3342.33, 12.93, 
3342.67, 12.93, 
3343.00, 12.93, 
3343.33, 13.94, 
3343.67, 13.94, 
3344.00, 13.94, 
3344.33, 13.94, 
3344.67, 13.94, 
3345.00, 10.94, 
3345.33, 10.94, 
3345.67, 12.93, 
3346.00, 11.95, 
3346.33, 11.95, 
3346.67, 11.95, 
3347.00, 10.94, 
3347.33, 11.95, 
3347.67, 12.93, 
3348.00, 12.93, 
3348.33, 11.95, 
3348.67, 12.93, 
3349.00, 12.93, 
3349.33, 12.93, 
3349.67, 12.93, 
3350.00, 12.93, 
3350.33, 12.93, 
3350.67, 11.95, 
3351.00, 11.95, 
3351.33, 9.96, 
3351.67, 10.94, 
3352.00, 13.94, 
3352.33, 13.94, 
3352.67, 12.93, 
3353.00, 12.93, 
3353.33, 11.95, 
3353.67, 14.92, 
3354.00, 13.94, 
3354.33, 13.94, 
3354.67, 11.95, 
3355.00, 11.95, 
3355.33, 10.94, 
3355.67, 11.95, 
3356.00, 11.95, 
3356.33, 14.92, 
3356.67, 15.93, 
3357.00, 15.93, 
3357.33, 13.94, 
3357.67, 13.94, 
3358.00, 13.94, 
3358.33, 12.93, 
3358.67, 14.92, 
3359.00, 13.94, 
3359.33, 13.94, 
3359.67, 14.92, 
3360.00, 13.94, 
3360.33, 10.94, 
3360.67, 10.94, 
3361.00, 9.96, 
3361.34, 0.00, 2.21, 0.01, 
!EOD: AAYU98L011
!ND:AAYU98L012 7/14
4076.00, 0.00, 2.21, 0.01, 
4076.33, 15.93, 
4076.67, 20.89, 
4077.00, 20.89, 
4077.33, 20.89, 
4077.67, 23.90, 
4078.00, 24.88, 
4078.33, 30.85, 
4078.67, 44.79, 
4079.00, 50.73, 
4079.33, 54.71, 
4079.67, 54.71, 
4080.00, 58.70, 
4080.33, 66.66, 
4080.67, 71.66, 
4081.00, 70.65, 
4081.33, 69.67, 
4081.67, 66.66, 
4082.00, 67.68, 
4082.33, 70.65, 
4082.67, 70.65, 
4083.00, 67.68, 
4083.33, 62.68, 
4083.67, 63.69, 
4084.00, 64.67, 
4084.33, 65.68, 
4084.67, 65.68, 
4085.00, 60.69, 
4085.33, 56.71, 
4085.67, 60.69, 
4086.00, 66.66, 
4086.33, 68.65, 
4086.67, 70.65, 
4087.00, 72.64, 
4087.33, 71.66, 
4087.67, 67.68, 
4088.00, 67.68, 
4088.33, 66.66, 
4088.67, 66.66, 
4089.00, 62.68, 
4089.33, 63.69, 
4089.67, 65.68, 
4090.00, 73.65, 
4090.33, 75.61, 
4090.67, 74.63, 
4091.00, 69.67, 
4091.33, 67.68, 
4091.67, 63.69, 
4092.00, 62.68, 
4092.33, 59.71, 
4092.67, 60.69, 
4093.00, 64.67, 
4093.33, 64.67, 
4093.67, 60.69, 
4094.00, 60.69, 
4094.33, 60.69, 
4094.67, 62.68, 
4095.00, 63.69, 
4095.33, 62.68, 
4095.67, 62.68, 
4096.00, 59.71, 
4096.33, 55.73, 
4096.67, 49.75, 
4097.00, 49.75, 
4097.33, 52.72, 
4097.67, 54.71, 
4098.00, 55.73, 
4098.33, 51.74, 
4098.67, 46.78, 
4099.00, 44.79, 
4099.33, 43.78, 
4099.67, 41.79, 
4100.00, 42.80, 
4100.33, 43.78, 
4100.67, 43.78, 
4101.00, 44.79, 
4101.33, 44.79, 
4101.67, 51.74, 
4102.00, 51.74, 
4102.33, 50.73, 
4102.67, 50.73, 
4103.00, 49.75, 
4103.33, 44.79, 
4103.67, 44.79, 
4104.00, 45.77, 
4104.33, 40.81, 
4104.67, 37.80, 
4105.00, 36.82, 
4105.33, 37.80, 
4105.67, 36.82, 
4106.00, 36.82, 
4106.33, 38.82, 
4106.67, 40.81, 
4107.00, 40.81, 
4107.33, 39.80, 
4107.67, 40.81, 
4108.00, 39.80, 
4108.33, 38.82, 
4108.67, 38.82, 
4109.00, 37.80, 
4109.33, 36.82, 
4109.67, 34.83, 
4110.00, 35.81, 
4110.33, 35.81, 
4110.67, 33.82, 
4111.00, 32.84, 
4111.33, 33.82, 
4111.67, 32.84, 
4112.00, 31.83, 
4112.33, 32.84, 
4112.67, 32.84, 
4113.00, 31.83, 
4113.33, 31.83, 
4113.67, 30.85, 
4114.00, 29.84, 
4114.33, 29.84, 
4114.67, 27.85, 
4115.00, 27.85, 
4115.33, 27.85, 
4115.67, 27.85, 
4116.00, 27.85, 
4116.33, 28.86, 
4116.67, 28.86, 
4117.00, 27.85, 
4117.33, 27.85, 
4117.67, 28.86, 
4118.00, 28.86, 
4118.33, 29.84, 
4118.67, 30.85, 
4119.00, 32.84, 
4119.33, 31.83, 
4119.67, 31.83, 
4120.00, 31.83, 
4120.33, 30.85, 
4120.67, 30.85, 
4121.00, 30.85, 
4121.33, 26.87, 
4121.67, 24.88, 
4122.00, 22.88, 
4122.33, 18.90, 
4122.67, 16.91, 
4123.00, 17.92, 
4123.33, 18.90, 
4123.67, 18.90, 
4124.00, 21.91, 
4124.33, 21.91, 
4124.67, 16.91, 
4125.00, 16.91, 
4125.33, 16.91, 
4125.67, 16.91, 
4126.00, 16.91, 
4126.33, 14.92, 
4126.67, 13.94, 
4127.00, 16.91, 
4127.33, 16.91, 
4127.67, 13.94, 
4128.00, 13.94, 
4128.33, 13.94, 
4128.67, 12.93, 
4129.00, 9.96, 
4129.34, 0.00, 2.21, 0.01, 
!EOD: AAYU98L012
!ND:AAYU98L013 8/14
4185.00, 0.00, 2.21, 0.01, 
4185.33, 15.93, 
4185.67, 25.86, 
4186.00, 33.82, 
4186.33, 38.82, 
4186.67, 42.80, 
4187.00, 48.77, 
4187.33, 51.74, 
4187.67, 50.73, 
4188.00, 46.78, 
4188.33, 43.78, 
4188.67, 43.78, 
4189.00, 41.79, 
4189.33, 41.79, 
4189.67, 45.77, 
4190.00, 44.79, 
4190.33, 43.78, 
4190.67, 44.79, 
4191.00, 45.77, 
4191.33, 44.79, 
4191.67, 40.81, 
4192.00, 44.79, 
4192.33, 48.77, 
4192.67, 44.79, 
4193.00, 44.79, 
4193.33, 42.80, 
4193.67, 41.79, 
4194.00, 45.77, 
4194.33, 45.77, 
4194.67, 42.80, 
4195.00, 37.80, 
4195.33, 36.82, 
4195.67, 33.82, 
4196.00, 42.80, 
4196.33, 42.80, 
4196.67, 45.77, 
4197.00, 45.77, 
4197.33, 40.81, 
4197.67, 42.80, 
4198.00, 41.79, 
4198.33, 40.81, 
4198.67, 41.79, 
4199.00, 41.79, 
4199.33, 37.80, 
4199.67, 35.81, 
4200.00, 34.83, 
4200.33, 45.77, 
4200.67, 49.75, 
4201.00, 51.74, 
4201.33, 54.71, 
4201.67, 52.72, 
4202.00, 48.77, 
4202.33, 47.76, 
4202.67, 48.77, 
4203.00, 47.76, 
4203.33, 46.78, 
4203.67, 43.78, 
4204.00, 44.79, 
4204.33, 44.79, 
4204.67, 40.81, 
4205.00, 38.82, 
4205.33, 42.80, 
4205.67, 42.80, 
4206.00, 41.79, 
4206.33, 45.77, 
4206.67, 46.78, 
4207.00, 46.78, 
4207.33, 49.75, 
4207.67, 48.77, 
4208.00, 45.77, 
4208.33, 42.80, 
4208.67, 45.77, 
4209.00, 49.75, 
4209.33, 50.73, 
4209.67, 46.78, 
4210.00, 49.75, 
4210.33, 49.75, 
4210.67, 49.75, 
4211.00, 47.76, 
4211.33, 44.79, 
4211.67, 50.73, 
4212.00, 49.75, 
4212.33, 46.78, 
4212.67, 45.77, 
4213.00, 46.78, 
4213.33, 47.76, 
4213.67, 49.75, 
4214.00, 49.75, 
4214.33, 48.77, 
4214.67, 48.77, 
4215.00, 48.77, 
4215.33, 51.74, 
4215.67, 51.74, 
4216.00, 51.74, 
4216.33, 51.74, 
4216.67, 50.73, 
4217.00, 46.78, 
4217.33, 51.74, 
4217.67, 51.74, 
4218.00, 50.73, 
4218.33, 48.77, 
4218.67, 51.74, 
4219.00, 52.72, 
4219.33, 50.73, 
4219.67, 52.72, 
4220.00, 51.74, 
4220.33, 44.79, 
4220.67, 51.74, 
4221.00, 50.73, 
4221.33, 48.77, 
4221.67, 46.78, 
4222.00, 42.80, 
4222.33, 43.78, 
4222.67, 42.80, 
4223.00, 40.81, 
4223.33, 40.81, 
4223.67, 37.80, 
4224.00, 37.80, 
4224.33, 38.82, 
4224.67, 41.79, 
4225.00, 46.78, 
4225.33, 48.77, 
4225.67, 47.76, 
4226.00, 43.78, 
4226.33, 41.79, 
4226.67, 43.78, 
4227.00, 48.77, 
4227.33, 49.75, 
4227.67, 50.73, 
4228.00, 49.75, 
4228.33, 44.79, 
4228.67, 39.80, 
4229.00, 40.81, 
4229.33, 40.81, 
4229.67, 38.82, 
4230.00, 39.80, 
4230.33, 39.80, 
4230.67, 35.81, 
4231.00, 30.85, 
4231.33, 27.85, 
4231.67, 24.88, 
4232.00, 19.91, 
4232.33, 18.90, 
4232.67, 19.91, 
4233.00, 16.91, 
4233.33, 15.93, 
4233.67, 14.92, 
4234.00, 15.93, 
4234.33, 14.92, 
4234.67, 13.94, 
4235.00, 18.90, 
4235.33, 18.90, 
4235.67, 16.91, 
4236.00, 15.93, 
4236.33, 13.94, 
4236.67, 17.92, 
4237.00, 16.91, 
4237.33, 13.94, 
4237.67, 14.92, 
4238.00, 15.93, 
4238.33, 13.94, 
4238.67, 9.96, 
4239.01, 0.00, 2.21, 0.01, 
!EOD: AAYU98L013
!ND:AAYU98L014 9/14
5554.00, 0.00, 2.21, 0.01, 
5554.33, 15.93, 
5554.67, 20.89, 
5555.00, 23.90, 
5555.33, 24.88, 
5555.67, 22.88, 
5556.00, 20.89, 
5556.33, 20.89, 
5556.67, 20.89, 
5557.00, 17.92, 
5557.33, 20.89, 
5557.67, 26.87, 
5558.00, 38.82, 
5558.33, 45.77, 
5558.67, 46.78, 
5559.00, 58.70, 
5559.33, 64.67, 
5559.67, 67.68, 
5560.00, 70.65, 
5560.33, 78.61, 
5560.67, 84.59, 
5561.00, 87.56, 
5561.33, 87.56, 
5561.67, 84.59, 
5562.00, 82.59, 
5562.33, 80.60, 
5562.67, 75.61, 
5563.00, 72.64, 
5563.33, 70.65, 
5563.67, 70.65, 
5564.00, 71.66, 
5564.33, 71.66, 
5564.67, 68.65, 
5565.00, 66.66, 
5565.33, 67.68, 
5565.67, 72.64, 
5566.00, 72.64, 
5566.33, 69.67, 
5566.67, 71.66, 
5567.00, 72.64, 
5567.33, 74.63, 
5567.67, 74.63, 
5568.00, 74.63, 
5568.33, 73.65, 
5568.67, 73.65, 
5569.00, 70.65, 
5569.33, 66.66, 
5569.67, 64.67, 
5570.00, 60.69, 
5570.33, 56.71, 
5570.67, 53.74, 
5571.00, 51.74, 
5571.33, 54.71, 
5571.67, 59.71, 
5572.00, 59.71, 
5572.33, 61.70, 
5572.67, 63.69, 
5573.00, 63.69, 
5573.33, 60.69, 
5573.67, 64.67, 
5574.00, 63.69, 
5574.33, 65.68, 
5574.67, 67.68, 
5575.00, 65.68, 
5575.33, 65.68, 
5575.67, 66.66, 
5576.00, 66.66, 
5576.33, 63.69, 
5576.67, 58.70, 
5577.00, 53.74, 
5577.33, 52.72, 
5577.67, 54.71, 
5578.00, 54.71, 
5578.33, 58.70, 
5578.67, 63.69, 
5579.00, 62.68, 
5579.33, 59.71, 
5579.67, 58.70, 
5580.00, 56.71, 
5580.33, 54.71, 
5580.67, 54.71, 
5581.00, 58.70, 
5581.33, 61.70, 
5581.67, 66.66, 
5582.00, 68.65, 
5582.33, 67.68, 
5582.67, 69.67, 
5583.00, 70.65, 
5583.33, 70.65, 
5583.67, 70.65, 
5584.00, 67.68, 
5584.33, 61.70, 
5584.67, 59.71, 
5585.00, 58.70, 
5585.33, 56.71, 
5585.67, 54.71, 
5586.00, 53.74, 
5586.33, 52.72, 
5586.67, 48.77, 
5587.00, 47.76, 
5587.33, 44.79, 
5587.67, 42.80, 
5588.00, 41.79, 
5588.33, 37.80, 
5588.67, 36.82, 
5589.00, 36.82, 
5589.33, 36.82, 
5589.67, 37.80, 
5590.00, 38.82, 
5590.33, 37.80, 
5590.67, 36.82, 
5591.00, 35.81, 
5591.33, 33.82, 
5591.67, 32.84, 
5592.00, 33.82, 
5592.33, 30.85, 
5592.67, 30.85, 
5593.00, 27.85, 
5593.33, 25.86, 
5593.67, 23.90, 
5594.00, 20.89, 
5594.33, 19.91, 
5594.67, 18.90, 
5595.00, 20.89, 
5595.33, 18.90, 
5595.67, 18.90, 
5596.00, 18.90, 
5596.33, 18.90, 
5596.67, 18.90, 
5597.00, 19.91, 
5597.33, 15.93, 
5597.67, 16.91, 
5598.00, 14.92, 
5598.33, 15.93, 
5598.67, 17.92, 
5599.00, 15.93, 
5599.33, 15.93, 
5599.67, 15.93, 
5600.00, 16.91, 
5600.33, 16.91, 
5600.67, 14.92, 
5601.00, 16.91, 
5601.33, 14.92, 
5601.67, 16.91, 
5602.00, 18.90, 
5602.33, 18.90, 
5602.67, 17.92, 
5603.00, 15.93, 
5603.33, 13.94, 
5603.67, 14.92, 
5604.00, 12.93, 
5604.33, 10.94, 
5604.67, 0.00, 2.21, 0.01, 
!EOD: AAYU98L014
!ND:AAYU98L015 10/14
5657.00, 0.00, 2.21, 0.01, 
5657.33, 11.95, 
5657.67, 22.88, 
5658.00, 35.81, 
5658.33, 47.76, 
5658.67, 56.71, 
5659.00, 60.69, 
5659.33, 65.68, 
5659.67, 64.67, 
5660.00, 70.65, 
5660.33, 70.65, 
5660.67, 72.64, 
5661.00, 71.66, 
5661.33, 70.65, 
5661.67, 65.68, 
5662.00, 61.70, 
5662.33, 58.70, 
5662.67, 55.73, 
5663.00, 52.72, 
5663.33, 48.77, 
5663.67, 42.80, 
5664.00, 33.82, 
5664.33, 36.82, 
5664.67, 35.81, 
5665.00, 35.81, 
5665.33, 38.82, 
5665.67, 40.81, 
5666.00, 39.80, 
5666.33, 37.80, 
5666.67, 38.82, 
5667.00, 40.81, 
5667.33, 46.78, 
5667.67, 46.78, 
5668.00, 47.76, 
5668.33, 47.76, 
5668.67, 47.76, 
5669.00, 47.76, 
5669.33, 48.77, 
5669.67, 49.75, 
5670.00, 54.71, 
5670.33, 55.73, 
5670.67, 54.71, 
5671.00, 53.74, 
5671.33, 51.74, 
5671.67, 49.75, 
5672.00, 46.78, 
5672.33, 45.77, 
5672.67, 42.80, 
5673.00, 42.80, 
5673.33, 41.79, 
5673.67, 44.79, 
5674.00, 48.77, 
5674.33, 49.75, 
5674.67, 50.73, 
5675.00, 54.71, 
5675.33, 55.73, 
5675.67, 54.71, 
5676.00, 52.72, 
5676.33, 53.74, 
5676.67, 53.74, 
5677.00, 49.75, 
5677.33, 47.76, 
5677.67, 47.76, 
5678.00, 47.76, 
5678.33, 49.75, 
5678.67, 51.74, 
5679.00, 49.75, 
5679.33, 43.78, 
5679.67, 39.80, 
5680.00, 39.80, 
5680.33, 36.82, 
5680.67, 37.80, 
5681.00, 37.80, 
5681.33, 41.79, 
5681.67, 42.80, 
5682.00, 43.78, 
5682.33, 44.79, 
5682.67, 47.76, 
5683.00, 47.76, 
5683.33, 47.76, 
5683.67, 47.76, 
5684.00, 46.78, 
5684.33, 46.78, 
5684.67, 44.79, 
5685.00, 42.80, 
5685.33, 42.80, 
5685.67, 44.79, 
5686.00, 48.77, 
5686.33, 49.75, 
5686.67, 48.77, 
5687.00, 49.75, 
5687.33, 50.73, 
5687.67, 43.78, 
5688.00, 48.77, 
5688.33, 49.75, 
5688.67, 47.76, 
5689.00, 47.76, 
5689.33, 46.78, 
5689.67, 45.77, 
5690.00, 47.76, 
5690.33, 47.76, 
5690.67, 44.79, 
5691.00, 42.80, 
5691.33, 39.80, 
5691.67, 38.82, 
5692.00, 37.80, 
5692.33, 36.82, 
5692.67, 35.81, 
5693.00, 32.84, 
5693.33, 38.82, 
5693.67, 38.82, 
5694.00, 35.81, 
5694.33, 38.82, 
5694.67, 40.81, 
5695.00, 38.82, 
5695.33, 37.80, 
5695.67, 37.80, 
5696.00, 36.82, 
5696.33, 36.82, 
5696.67, 36.82, 
5697.00, 35.81, 
5697.33, 34.83, 
5697.67, 36.82, 
5698.00, 36.82, 
5698.33, 36.82, 
5698.67, 36.82, 
5699.00, 34.83, 
5699.33, 31.83, 
5699.67, 35.81, 
5700.00, 36.82, 
5700.33, 36.82, 
5700.67, 34.83, 
5701.00, 35.81, 
5701.33, 37.80, 
5701.67, 36.82, 
5702.00, 32.84, 
5702.33, 31.83, 
5702.67, 31.83, 
5703.00, 30.85, 
5703.33, 32.84, 
5703.67, 32.84, 
5704.00, 32.84, 
5704.33, 31.83, 
5704.67, 31.83, 
5705.00, 32.84, 
5705.33, 30.85, 
5705.67, 27.85, 
5706.00, 30.85, 
5706.33, 30.85, 
5706.67, 28.86, 
5707.00, 27.85, 
5707.33, 20.89, 
5707.67, 16.91, 
5708.00, 16.91, 
5708.33, 14.92, 
5708.67, 15.93, 
5709.00, 12.93, 
5709.33, 18.90, 
5709.67, 20.89, 
5710.00, 20.89, 
5710.33, 18.90, 
5710.67, 19.91, 
5711.00, 19.91, 
5711.33, 15.93, 
5711.67, 14.92, 
5712.00, 14.92, 
5712.33, 12.93, 
5712.67, 16.91, 
5713.00, 18.90, 
5713.33, 16.91, 
5713.67, 13.94, 
5714.00, 14.92, 
5714.33, 11.95, 
5714.67, 14.92, 
5715.00, 14.92, 
5715.33, 8.95, 
5715.67, 14.92, 
5716.00, 12.93, 
5716.33, 10.94, 
5716.67, 14.92, 
5717.00, 13.94, 
5717.33, 8.95, 
5717.67, 9.96, 
5718.00, 7.97, 
5718.33, 10.94, 
5718.67, 11.95, 
5719.01, 0.00, 2.21, 0.01, 
!EOD: AAYU98L015
!ND:AAYU98L001 11/14
6988.00, 0.00, 2.32, 0.01, 
6988.33, 21.91, 
6988.67, 37.80, 
6989.00, 52.72, 
6989.33, 61.70, 
6989.67, 73.65, 
6990.00, 85.57, 
6990.33, 89.55, 
6990.67, 89.55, 
6991.00, 89.55, 
6991.33, 91.54, 
6991.67, 92.55, 
6992.00, 92.55, 
6992.33, 91.54, 
6992.67, 89.55, 
6993.00, 87.56, 
6993.33, 82.59, 
6993.67, 80.60, 
6994.00, 78.61, 
6994.33, 80.60, 
6994.67, 81.58, 
6995.00, 80.60, 
6995.33, 77.60, 
6995.67, 71.66, 
6996.00, 70.65, 
6996.33, 70.65, 
6996.67, 71.66, 
6997.00, 69.67, 
6997.33, 68.65, 
6997.67, 61.70, 
6998.00, 57.72, 
6998.33, 54.71, 
6998.67, 53.74, 
6999.00, 51.74, 
6999.33, 55.73, 
6999.67, 55.73, 
7000.00, 52.72, 
7000.33, 51.74, 
7000.67, 51.74, 
7001.00, 52.72, 
7001.33, 54.71, 
7001.67, 55.73, 
7002.00, 58.70, 
7002.33, 58.70, 
7002.67, 59.71, 
7003.00, 61.70, 
7003.33, 60.69, 
7003.67, 57.72, 
7004.00, 55.73, 
7004.33, 56.71, 
7004.67, 57.72, 
7005.00, 57.72, 
7005.33, 55.73, 
7005.67, 49.75, 
7006.00, 46.78, 
7006.33, 45.77, 
7006.67, 45.77, 
7007.00, 45.77, 
7007.33, 45.77, 
7007.67, 46.78, 
7008.00, 46.78, 
7008.33, 47.76, 
7008.67, 50.73, 
7009.00, 53.74, 
7009.33, 55.73, 
7009.67, 55.73, 
7010.00, 50.73, 
7010.33, 48.77, 
7010.67, 48.77, 
7011.00, 49.75, 
7011.33, 50.73, 
7011.67, 54.71, 
7012.00, 57.72, 
7012.33, 56.71, 
7012.67, 51.74, 
7013.00, 52.72, 
7013.33, 50.73, 
7013.67, 47.76, 
7014.00, 47.76, 
7014.33, 46.78, 
7014.67, 47.76, 
7015.00, 46.78, 
7015.33, 47.76, 
7015.67, 47.76, 
7016.00, 48.77, 
7016.33, 51.74, 
7016.67, 52.72, 
7017.00, 51.74, 
7017.33, 50.73, 
7017.67, 50.73, 
7018.00, 48.77, 
7018.33, 53.74, 
7018.67, 54.71, 
7019.00, 60.69, 
7019.33, 59.71, 
7019.67, 57.72, 
7020.00, 54.71, 
7020.33, 53.74, 
7020.67, 52.72, 
7021.00, 51.74, 
7021.33, 47.76, 
7021.67, 41.79, 
7022.00, 43.78, 
7022.33, 42.80, 
7022.67, 48.77, 
7023.00, 47.76, 
7023.33, 46.78, 
7023.67, 46.78, 
7024.00, 48.77, 
7024.33, 50.73, 
7024.67, 55.73, 
7025.00, 56.71, 
7025.33, 54.71, 
7025.67, 53.74, 
7026.00, 53.74, 
7026.33, 51.74, 
7026.67, 47.76, 
7027.00, 43.78, 
7027.33, 44.79, 
7027.67, 44.79, 
7028.00, 44.79, 
7028.33, 43.78, 
7028.67, 40.81, 
7029.00, 37.80, 
7029.33, 32.84, 
7029.67, 33.82, 
7030.00, 33.82, 
7030.33, 30.85, 
7030.67, 26.87, 
7031.00, 27.85, 
7031.33, 25.86, 
7031.67, 22.88, 
7032.00, 19.91, 
7032.33, 19.91, 
7032.67, 19.91, 
7033.00, 18.90, 
7033.33, 17.92, 
7033.67, 19.91, 
7034.00, 14.92, 
7034.33, 14.92, 
7034.67, 15.93, 
7035.00, 16.91, 
7035.33, 13.94, 
7035.67, 17.92, 
7036.00, 16.91, 
7036.33, 12.93, 
7036.67, 15.93, 
7037.00, 14.92, 
7037.33, 13.94, 
7037.67, 12.93, 
7038.00, 13.94, 
7038.33, 14.92, 
7038.67, 10.94, 
7039.00, 9.96, 
7039.33, 6.95, 
7039.67, 8.95, 
7040.00, 5.97, 
7040.33, 8.95, 
7040.67, 0.00, 2.21, 0.01, 
!EOD: AAYU98L001
!ND:AAYU98L016 12/14
7106.00, 0.00, 2.32, 0.01, 
7106.33, 8.95, 
7106.67, 21.91, 
7107.00, 33.82, 
7107.33, 39.80, 
7107.67, 42.80, 
7108.00, 48.77, 
7108.33, 47.76, 
7108.67, 45.77, 
7109.00, 42.80, 
7109.33, 43.78, 
7109.67, 46.78, 
7110.00, 45.77, 
7110.33, 44.79, 
7110.67, 48.77, 
7111.00, 50.73, 
7111.33, 55.73, 
7111.67, 61.70, 
7112.00, 65.68, 
7112.33, 68.65, 
7112.67, 68.65, 
7113.00, 58.70, 
7113.33, 55.73, 
7113.67, 48.77, 
7114.00, 43.78, 
7114.33, 44.79, 
7114.67, 43.78, 
7115.00, 42.80, 
7115.33, 41.79, 
7115.67, 39.80, 
7116.00, 37.80, 
7116.33, 36.82, 
7116.67, 34.83, 
7117.00, 35.81, 
7117.33, 34.83, 
7117.67, 34.83, 
7118.00, 36.82, 
7118.33, 41.79, 
7118.67, 40.81, 
7119.00, 40.81, 
7119.33, 41.79, 
7119.67, 41.79, 
7120.00, 41.79, 
7120.33, 46.78, 
7120.67, 47.76, 
7121.00, 44.79, 
7121.33, 44.79, 
7121.67, 44.79, 
7122.00, 45.77, 
7122.33, 49.75, 
7122.67, 54.71, 
7123.00, 56.71, 
7123.33, 56.71, 
7123.67, 59.71, 
7124.00, 59.71, 
7124.33, 62.68, 
7124.67, 62.68, 
7125.00, 62.68, 
7125.33, 62.68, 
7125.67, 61.70, 
7126.00, 57.72, 
7126.33, 55.73, 
7126.67, 55.73, 
7127.00, 56.71, 
7127.33, 54.71, 
7127.67, 51.74, 
7128.00, 56.71, 
7128.33, 62.68, 
7128.67, 63.69, 
7129.00, 67.68, 
7129.33, 67.68, 
7129.67, 64.67, 
7130.00, 61.70, 
7130.33, 63.69, 
7130.67, 64.67, 
7131.00, 64.67, 
7131.33, 63.69, 
7131.67, 61.70, 
7132.00, 56.71, 
7132.33, 58.70, 
7132.67, 58.70, 
7133.00, 55.73, 
7133.33, 56.71, 
7133.67, 57.72, 
7134.00, 56.71, 
7134.33, 60.69, 
7134.67, 60.69, 
7135.00, 58.70, 
7135.33, 56.71, 
7135.67, 57.72, 
7136.00, 59.71, 
7136.33, 55.73, 
7136.67, 53.74, 
7137.00, 51.74, 
7137.33, 53.74, 
7137.67, 56.71, 
7138.00, 59.71, 
7138.33, 59.71, 
7138.67, 59.71, 
7139.00, 59.71, 
7139.33, 56.71, 
7139.67, 57.72, 
7140.00, 58.70, 
7140.33, 56.71, 
7140.67, 54.71, 
7141.00, 52.72, 
7141.33, 51.74, 
7141.67, 47.76, 
7142.00, 43.78, 
7142.33, 42.80, 
7142.67, 41.79, 
7143.00, 40.81, 
7143.33, 42.80, 
7143.67, 41.79, 
7144.00, 37.80, 
7144.33, 36.82, 
7144.67, 36.82, 
7145.00, 34.83, 
7145.33, 32.84, 
7145.67, 31.83, 
7146.00, 32.84, 
7146.33, 32.84, 
7146.67, 29.84, 
7147.00, 26.87, 
7147.33, 25.86, 
7147.67, 20.89, 
7148.00, 17.92, 
7148.33, 14.92, 
7148.67, 18.90, 
7149.00, 19.91, 
7149.33, 17.92, 
7149.67, 19.91, 
7150.00, 20.89, 
7150.33, 20.89, 
7150.67, 20.89, 
7151.00, 16.91, 
7151.33, 16.91, 
7151.67, 18.90, 
7152.00, 18.90, 
7152.33, 18.90, 
7152.67, 16.91, 
7153.00, 17.92, 
7153.33, 18.90, 
7153.67, 17.92, 
7154.00, 18.90, 
7154.33, 17.92, 
7154.67, 15.93, 
7155.00, 16.91, 
7155.33, 16.91, 
7155.67, 11.95, 
7156.01, 0.00, 2.21, 0.01, 
!EOD: AAYU98L016
!ND:AAYU98L017 13/14
8377.00, 0.00, 2.32, 0.01, 
8377.33, 14.92, 
8377.67, 22.88, 
8378.00, 31.83, 
8378.33, 47.76, 
8378.67, 57.72, 
8379.00, 57.72, 
8379.33, 57.72, 
8379.67, 56.71, 
8380.00, 58.70, 
8380.33, 57.72, 
8380.67, 57.72, 
8381.00, 67.68, 
8381.33, 70.65, 
8381.67, 75.61, 
8382.00, 80.60, 
8382.33, 84.59, 
8382.67, 84.59, 
8383.00, 87.56, 
8383.33, 93.53, 
8383.67, 103.49, 
8384.00, 104.47, 
8384.33, 92.55, 
8384.67, 85.57, 
8385.00, 79.59, 
8385.33, 81.58, 
8385.67, 82.59, 
8386.00, 82.59, 
8386.33, 82.59, 
8386.67, 82.59, 
8387.00, 82.59, 
8387.33, 80.60, 
8387.67, 74.63, 
8388.00, 71.66, 
8388.33, 70.65, 
8388.67, 69.67, 
8389.00, 65.68, 
8389.33, 67.68, 
8389.67, 64.67, 
8390.00, 74.63, 
8390.33, 78.61, 
8390.67, 77.60, 
8391.00, 79.59, 
8391.33, 81.58, 
8391.67, 79.59, 
8392.00, 77.60, 
8392.33, 74.63, 
8392.67, 74.63, 
8393.00, 74.63, 
8393.33, 75.61, 
8393.67, 72.64, 
8394.00, 66.66, 
8394.33, 68.65, 
8394.67, 69.67, 
8395.00, 70.65, 
8395.33, 70.65, 
8395.67, 68.65, 
8396.00, 67.68, 
8396.33, 67.68, 
8396.67, 65.68, 
8397.00, 66.66, 
8397.33, 67.68, 
8397.67, 70.65, 
8398.00, 72.64, 
8398.33, 72.64, 
8398.67, 72.64, 
8399.00, 67.68, 
8399.33, 63.69, 
8399.67, 62.68, 
8400.00, 57.72, 
8400.33, 52.72, 
8400.67, 53.74, 
8401.00, 52.72, 
8401.33, 53.74, 
8401.67, 55.73, 
8402.00, 55.73, 
8402.33, 53.74, 
8402.67, 53.74, 
8403.00, 56.71, 
8403.33, 55.73, 
8403.67, 58.70, 
8404.00, 58.70, 
8404.33, 59.71, 
8404.67, 56.71, 
8405.00, 56.71, 
8405.33, 52.72, 
8405.67, 53.74, 
8406.00, 51.74, 
8406.33, 57.72, 
8406.67, 58.70, 
8407.00, 56.71, 
8407.33, 56.71, 
8407.67, 58.70, 
8408.00, 57.72, 
8408.33, 49.75, 
8408.67, 45.77, 
8409.00, 47.76, 
8409.33, 48.77, 
8409.67, 47.76, 
8410.00, 44.79, 
8410.33, 41.79, 
8410.67, 43.78, 
8411.00, 43.78, 
8411.33, 43.78, 
8411.67, 44.79, 
8412.00, 44.79, 
8412.33, 40.81, 
8412.67, 41.79, 
8413.00, 40.81, 
8413.33, 41.79, 
8413.67, 44.79, 
8414.00, 44.79, 
8414.33, 42.80, 
8414.67, 37.80, 
8415.00, 36.82, 
8415.33, 36.82, 
8415.67, 32.84, 
8416.00, 31.83, 
8416.33, 28.86, 
8416.67, 23.90, 
8417.00, 20.89, 
8417.33, 18.90, 
8417.67, 19.91, 
8418.00, 20.89, 
8418.33, 21.91, 
8418.67, 19.91, 
8419.00, 16.91, 
8419.33, 18.90, 
8419.67, 19.91, 
8420.00, 18.90, 
8420.33, 18.90, 
8420.67, 15.93, 
8421.00, 15.93, 
8421.33, 15.93, 
8421.67, 16.91, 
8422.00, 15.93, 
8422.33, 12.93, 
8422.67, 10.94, 
8423.00, 10.94, 
8423.33, 13.94, 
8423.67, 16.91, 
8424.00, 16.91, 
8424.33, 9.96, 
8424.67, 0.00, 2.21, 0.01, 
!EOD: AAYU98L017
!ND:AAYU98L018 14/14
8494.00, 0.00, 2.36, 0.01, 
8494.33, 19.91, 
8494.67, 35.81, 
8495.00, 49.75, 
8495.33, 61.70, 
8495.67, 72.64, 
8496.00, 72.64, 
8496.33, 72.64, 
8496.67, 71.66, 
8497.00, 71.66, 
8497.33, 68.65, 
8497.67, 62.68, 
8498.00, 60.69, 
8498.33, 63.69, 
8498.67, 65.68, 
8499.00, 65.68, 
8499.33, 67.68, 
8499.67, 66.66, 
8500.00, 67.68, 
8500.33, 69.67, 
8500.67, 69.67, 
8501.00, 69.67, 
8501.33, 70.65, 
8501.67, 72.64, 
8502.00, 71.66, 
8502.33, 70.65, 
8502.67, 67.68, 
8503.00, 62.68, 
8503.33, 62.68, 
8503.67, 62.68, 
8504.00, 61.70, 
8504.33, 56.71, 
8504.67, 51.74, 
8505.00, 48.77, 
8505.33, 51.74, 
8505.67, 57.72, 
8506.00, 57.72, 
8506.33, 59.71, 
8506.67, 60.69, 
8507.00, 61.70, 
8507.33, 62.68, 
8507.67, 62.68, 
8508.00, 62.68, 
8508.33, 61.70, 
8508.67, 61.70, 
8509.00, 60.69, 
8509.33, 60.69, 
8509.67, 60.69, 
8510.00, 58.70, 
8510.33, 57.72, 
8510.67, 55.73, 
8511.00, 61.70, 
8511.33, 64.67, 
8511.67, 67.68, 
8512.00, 68.65, 
8512.33, 68.65, 
8512.67, 70.65, 
8513.00, 72.64, 
8513.33, 71.66, 
8513.67, 67.68, 
8514.00, 64.67, 
8514.33, 62.68, 
8514.67, 61.70, 
8515.00, 62.68, 
8515.33, 62.68, 
8515.67, 63.69, 
8516.00, 60.69, 
8516.33, 60.69, 
8516.67, 59.71, 
8517.00, 53.74, 
8517.33, 50.73, 
8517.67, 43.78, 
8518.00, 41.79, 
8518.33, 35.81, 
8518.67, 31.83, 
8519.00, 32.84, 
8519.33, 37.80, 
8519.67, 42.80, 
8520.00, 44.79, 
8520.33, 44.79, 
8520.67, 42.80, 
8521.00, 41.79, 
8521.33, 41.79, 
8521.67, 48.77, 
8522.00, 52.72, 
8522.33, 52.72, 
8522.67, 49.75, 
8523.00, 48.77, 
8523.33, 50.73, 
8523.67, 50.73, 
8524.00, 47.76, 
8524.33, 49.75, 
8524.67, 48.77, 
8525.00, 50.73, 
8525.33, 55.73, 
8525.67, 58.70, 
8526.00, 58.70, 
8526.33, 55.73, 
8526.67, 51.74, 
8527.00, 53.74, 
8527.33, 51.74, 
8527.67, 51.74, 
8528.00, 50.73, 
8528.33, 56.71, 
8528.67, 59.71, 
8529.00, 55.73, 
8529.33, 46.78, 
8529.67, 43.78, 
8530.00, 45.77, 
8530.33, 44.79, 
8530.67, 51.74, 
8531.00, 51.74, 
8531.33, 50.73, 
8531.67, 46.78, 
8532.00, 43.78, 
8532.33, 43.78, 
8532.67, 42.80, 
8533.00, 37.80, 
8533.33, 35.81, 
8533.67, 29.84, 
8534.00, 26.87, 
8534.33, 23.90, 
8534.67, 19.91, 
8535.00, 17.92, 
8535.33, 16.91, 
8535.67, 16.91, 
8536.00, 15.93, 
8536.33, 17.92, 
8536.67, 15.93, 
8537.00, 15.93, 
8537.33, 15.93, 
8537.67, 15.93, 
8538.00, 15.93, 
8538.33, 14.92, 
8538.67, 13.94, 
8539.00, 10.94, 
8539.34, 0.00, 2.21, 0.01, 
-0000.0,!EP: 463
